[
  0,
  0,
  0,
  0,
  0,
  0,
  0,
  0,
  0,
  0,
  0,
  0,
  0,
  0,
  0,
  0,
  0,
  0,
  0,
  0,
  0,
  0,
  0,
  0,
  0,
  0,
  0,
  0,
  0,
  0,
  0,
  0,
  48,
  48,
  48,
  48,
  48,
  21,
  48,
  48,
  48,
  48,
  48,
  48,
  48,
  48,
  49,
  51,
  48,
  48,
  48,
  48,
  0,
  0,
  0,
  0,
  0,
  0,
  0,
  0,
  0,
  0,
  0,
  0,
  64,
  64,
  68,
  71,
  64,
  64,
  64,
  64,
  64,
  64,
  70,
  64,
  64,
  64,
  74,
  64,
  64,
  64,
  0,
  0,
  0,
  0,
  0,
  0,
  0,
  0,
  0,
  0,
  0,
  0,
  0,
  0,
  16,
  23,
  20,
  22,
  18,
  16,
  18,
  20,
  19,
  18,
  16,
  18,
  18,
  16,
  17,
  16,
  16,
  16,
  0,
  0,
  0,
  0,
  0,
  0,
  0,
  0,
  0,
  0,
  0,
  0,
  0,
  0,
  48,
  48,
  48,
  48,
  48,
  48,
  48,
  48,
  48,
  48,
  48,
  48,
  48,
  48,
  48,
  48,
  48,
  48,
  48,
  48,
  48,
  48,
  48,
  48,
  48,
  48,
  48,
  48,
  48,
  48,
  48,
  48,
  48,
  48,
  48,
  48,
  0,
  0,
  0,
  0,
  0,
  0,
  0,
  0,
  0,
  0,
  0,
  0,
  0,
  0,
  0,
  0,
  0,
  0,
  0,
  0,
  0,
  0,
  0,
  0,
  0,
  0,
  0,
  0,
  96,
  96,
  96,
  96,
  96,
  96,
  96,
  96,
  96,
  0,
  0,
  0,
  0,
  0,
  0,
  0,
  0,
  0,
  0,
  0,
  96,
  0,
  0,
  0,
  0,
  0,
  0,
  0,
  0,
  0,
  0,
  0,
  48,
  48,
  48,
  48,
  0,
  48,
  48,
  24,
  0,
  0,
  0,
  0,
  0,
  0,
  0,
  0,
  0,
  0,
  0,
  0,
  0,
  0,
  0,
  0,
  0,
  0,
  0,
  0,
  0,
  0,
  0,
  0
]