[ 0, 0, 
  0, 
  0, 
  0, 
  0, 
  0, 
  0, 
  0, 
  0, 
  0,
  0, 
  0, 
  0, 
  0, 
  0, 
  0, 
  0, 
  0, 
  0, 
  0,
  0, 
  0, 
  0, 
  0, 
  0, 
  0, 
  0, 
  0, 
  0, 
  0,
  0, 
  16, 
  17, 
  18, 
  19,
  20, 
  16, 
  22, 
  23, 
  23,
  16, 
  19, 
  23, 
  23, 
  23, 
  18, 
  16, 
  0, 
  0, 
  0,
  0, 
  0, 
  0, 
  0, 
  0, 
  0, 
  0, 
  0, 
  0, 
  0,
  0, 
  0, 
  0, 
  32,
  33, 
  34, 
  35, 
  36, 
  144, 
  35,
  144, 
  32, 
  145, 
  115, 
  146, 
  118, 
  148, 
  144, 
  32, 
  0,
  0, 
  0, 
  0, 
  0, 
  0, 
  0, 
  0, 
  0, 
  0, 
  0,
  0, 
  0, 
  0, 
  0, 
  0, 
  48,
  49, 
  51, 
  51, 
  48,
  48, 
  48, 
  48, 
  48, 
  48, 
  48, 
  48, 
  49, 
  48, 
  51,
  50, 
  0, 
  0, 
  0, 
  0, 
  0, 
  0, 
  0, 
  0, 
  0,
  0, 
  0, 
  0, 
  0, 
  0, 
  0, 
  0, 
  64, 
  65, 
  66,
  67, 
  68, 
  69, 
  70, 
  71, 
  72, 
  73, 
  74, 
  75, 
  69,
  64, 
  64, 
  64, 
  0,
  0, 
  0, 
  0, 
  0, 
  0,
  0,
  0, 
  0, 
  0, 
  0, 
  0, 
  0, 
  0, 
  0, 
  0, 
  80, 
  81, 
  82, 
  83, 
  84, 
  85, 
  80, 
  80, 
  84, 
  85, 
  80, 
  80, 
  80, 
  80, 
  80, 
  80, 
  0, 
  0, 
  0, 
  0, 
  0, 
  0, 
  0, 
  0, 
  0, 
  0, 
  0, 
  0, 
  0, 
  0, 
  0, 
  0, 
  96, 
  97, 
  98, 
  99, 
  100, 
  101, 
  102, 
  96, 
  96, 
  96, 
  96, 
  96, 
  96, 
  96, 
  96, 
  96, 
  0, 
  0, 
  0, 
  0, 
  0, 
  0, 
  0, 
  0, 
  0, 
  0, 
  0, 
  0, 
  0, 
  0, 
  0, 
  0, 
  112, 
  113, 
  114, 
  115, 
  116, 
  117, 
  118,
  119, 
  120, 
  121, 
  122, 
  123, 
  0, 
  0, 
  0, 
  112, 
  0, 
  0, 
  0, 
  0, 
  0, 
  0, 
  0, 
  0, 
  0, 
  0, 
  0, 
  0, 
  0, 
  0, 
  0, 
  0
]

