[
  0, 
  0, 
  0, 
  0, 
  0, 
  0, 
  0, 
  0, 
  0, 
  0, 
  0, 
  0, 
  0, 
  0, 
  0, 
  0, 
  0, 
  0, 
  0, 
  0, 
  0, 
  0, 
  0, 
  0, 
  0, 
  0, 
  0, 
  0, 
  0, 
  0, 
  0, 
  0, 
  0, 
  0, 
  0, 
  166, 
  0, 
  0, 
  0, 
  0, 
  0, 
  0, 
  0, 
  0, 
  0, 
  0, 
  0, 
  0, 
  0, 
  0, 
  0, 
  0, 
  0, 
  0, 
  0, 
  0, 
  0, 
  0, 
  0, 
  0, 
  0, 
  0, 
  0, 
  0, 
  80, 
  85, 
  80, 
  80, 
  84, 
  81, 
  84, 
  80, 
  0, 
  0, 
  0, 
  0, 
  0, 
  0, 
  0, 
  0, 
  0, 
  0, 
  0, 
  0, 
  0, 
  0, 
  0, 
  0, 
  0, 
  0, 
  0, 
  0, 
  0, 
  0, 
  0, 
  0, 
  16, 
  18, 
  20, 
  17, 
  16, 
  49, 
  19, 
  21, 
  16, 
  51, 
  165, 
  144, 
  123, 
  167, 
  161, 
  16, 
  112, 
  160, 
  160, 
  34, 
  16, 
  36, 
  160, 
  163, 
  117, 
  102, 
  101, 
  0, 
  0, 
  0, 
  0, 
  0, 
  96, 
  98, 
  99, 
  96, 
  100, 
  101, 
  97, 
  96, 
  96, 
  96, 
  96, 
  96, 
  96, 
  0, 
  0, 
  0, 
  96, 
  0, 
  0, 
  0, 
  0, 
  96, 
  96, 
  96, 
  96, 
  96, 
  96, 
  0, 
  0, 
  0, 
  0, 
  0, 
  32, 
  32, 
  32, 
  32, 
  131, 
  144, 
  32, 
  128, 
  32, 
  32, 
  32, 
  32, 
  32, 
  32, 
  32, 
  32, 
  32, 
  32, 
  32, 
  0, 
  0, 
  0, 
  0, 
  0, 
  0, 
  0, 
  0, 
  0, 
  0, 
  0, 
  0, 
  0, 
  16, 
  18, 
  16, 
  16, 
  20, 
  16, 
  16, 
  16, 
  19, 
  17, 
  19, 
  22, 
  16, 
  16, 
  18, 
  23, 
  19, 
  24, 
  18, 
  0, 
  0, 
  0, 
  0, 
  0, 
  0, 
  0, 
  0, 
  0, 
  0, 
  0, 
  0, 
  0, 
  64, 
  69, 
  70, 
  69, 
  69, 
  64, 
  69, 
  64, 
  67, 
  64, 
  69, 
  71, 
  74, 
  69, 
  74, 
  73, 
  64, 
  68, 
  75, 
  64, 
  64, 
  64, 
  0, 
  0, 
  0, 
  0, 
  0, 
  0, 
  0, 
  0, 
  0, 
  0
]
